vod_100x2.txt : 2607.9602851062523
vod_100x3.txt : 2607.9602851062523
vod_100x4.txt : 2607.9602851062523
vod_100x5.txt : 2607.9602851062523
vod_100x6.txt : 2607.9602851062523
vod_100x7.txt : 2607.9602851062523
vod_100x8.txt : 2607.9602851062523
vod_200x2.txt : 2607.9602851062523
vod_200x3.txt : 2607.9602851062523
vod_200x4.txt : 2607.9602851062523
vod_200x5.txt : 2607.9602851062523
vod_200x6.txt : 2607.9602851062523
vod_200x7.txt : 2607.9602851062523
vod_200x8.txt : 2607.9602851062523
vod_300x2.txt : 2607.9602851062523
vod_300x3.txt : 2607.9602851062523
vod_300x4.txt : 2607.9602851062523
vod_300x5.txt : 2607.9602851062523
vod_300x6.txt : 2607.9602851062523
vod_300x7.txt : 2607.9602851062523
vod_300x8.txt : 2607.9602851062523
vod_400x2.txt : 2607.9602851062523
vod_400x3.txt : 2607.9602851062523
vod_400x4.txt : 2607.9602851062523
vod_400x5.txt : 2607.9602851062523
vod_400x6.txt : 2607.9602851062523
vod_400x7.txt : 2607.9602851062523
vod_400x8.txt : 2607.9602851062523
vod_500x2.txt : 2607.9602851062523
vod_500x3.txt : 2607.9602851062523
vod_500x4.txt : 2607.9602851062523
vod_500x5.txt : 2607.9602851062523
vod_500x6.txt : 2607.9602851062523
vod_500x7.txt : 2607.9602851062523
vod_500x8.txt : 2607.9602851062523
