vod_1000x100.txt : 2607.9602851062523
vod_1000x200.txt : 2607.9602851062523
vod_1000x300.txt : 2607.9602851062523
vod_1000x400.txt : 2607.9602851062523
vod_1000x500.txt : 2607.9602851062523
vod_200x100.txt : 2607.9602851062523
vod_200x200.txt : 2607.9602851062523
vod_200x300.txt : 2607.9602851062523
vod_200x400.txt : 2607.9602851062523
vod_200x500.txt : 2607.9602851062523
vod_400x100.txt : 2607.9602851062523
vod_400x200.txt : 2607.9602851062523
vod_400x300.txt : 2607.9602851062523
vod_400x400.txt : 2607.9602851062523
vod_400x500.txt : 2607.9602851062523
vod_600x100.txt : 2607.9602851062523
vod_600x200.txt : 2607.9602851062523
vod_600x300.txt : 2607.9602851062523
vod_600x400.txt : 2607.9602851062523
vod_600x500.txt : 2607.9602851062523
vod_800x100.txt : 2607.9602851062523
vod_800x200.txt : 2607.9602851062523
vod_800x300.txt : 2607.9602851062523
vod_800x400.txt : 2607.9602851062523
vod_800x500.txt : 2607.9602851062523
