vod_10x10.txt : 2607.9602851062523
vod_10x20.txt : 2607.9602851062523
vod_10x30.txt : 2607.9602851062523
vod_10x40.txt : 2607.9602851062523
vod_10x50.txt : 2607.9602851062523
vod_30x10.txt : 2607.9602851062523
vod_30x20.txt : 2607.9602851062523
vod_30x30.txt : 2607.9602851062523
vod_30x40.txt : 2607.9602851062523
vod_30x50.txt : 2607.9602851062523
vod_50x10.txt : 2607.9602851062523
vod_50x20.txt : 2607.9602851062523
vod_50x30.txt : 2607.9602851062523
vod_50x40.txt : 2607.9602851062523
vod_50x50.txt : 2607.9602851062523
vod_70x10.txt : 2607.9602851062523
vod_70x20.txt : 2607.9602851062523
vod_70x30.txt : 2607.9602851062523
vod_70x40.txt : 2607.9602851062523
vod_70x50.txt : 2607.9602851062523
vod_90x10.txt : 2607.9602851062523
vod_90x20.txt : 2607.9602851062523
vod_90x30.txt : 2607.9602851062523
vod_90x40.txt : 2607.9602851062523
vod_90x50.txt : 2607.9602851062523
