vod_100x100.txt : 2607.9602851062523
vod_100x200.txt : 2607.9602851062523
vod_100x300.txt : 2607.9602851062523
vod_100x400.txt : 2607.9602851062523
vod_100x500.txt : 2607.9602851062523
vod_300x100.txt : 2607.9602851062523
vod_300x200.txt : 2607.9602851062523
vod_300x300.txt : 2607.9602851062523
vod_300x400.txt : 2607.9602851062523
vod_300x500.txt : 2607.9602851062523
vod_500x100.txt : 2607.9602851062523
vod_500x200.txt : 2607.9602851062523
vod_500x300.txt : 2607.9602851062523
vod_500x400.txt : 2607.9602851062523
vod_500x500.txt : 2607.9602851062523
vod_700x100.txt : 2607.9602851062523
vod_700x200.txt : 2607.9602851062523
vod_700x300.txt : 2607.9602851062523
vod_700x400.txt : 2607.9602851062523
vod_700x500.txt : 2607.9602851062523
vod_900x100.txt : 2607.9602851062523
vod_900x200.txt : 2607.9602851062523
vod_900x300.txt : 2607.9602851062523
vod_900x400.txt : 2607.9602851062523
vod_900x500.txt : 2607.9602851062523
