vod_10x2.txt : 2607.9602851062523
vod_10x3.txt : 2607.9602851062523
vod_10x4.txt : 2607.9602851062523
vod_10x5.txt : 2607.9602851062523
vod_10x6.txt : 2607.9602851062523
vod_10x7.txt : 2607.9602851062523
vod_10x8.txt : 2607.9602851062523
vod_20x2.txt : 2607.9602851062523
vod_20x3.txt : 2607.9602851062523
vod_20x4.txt : 2607.9602851062523
vod_20x5.txt : 2607.9602851062523
vod_20x6.txt : 2607.9602851062523
vod_20x7.txt : 2607.9602851062523
vod_20x8.txt : 2607.9602851062523
vod_30x2.txt : 2607.9602851062523
vod_30x3.txt : 2607.9602851062523
vod_30x4.txt : 2607.9602851062523
vod_30x5.txt : 2607.9602851062523
vod_30x6.txt : 2607.9602851062523
vod_30x7.txt : 2607.9602851062523
vod_30x8.txt : 2607.9602851062523
vod_40x2.txt : 2607.9602851062523
vod_40x3.txt : 2607.9602851062523
vod_40x4.txt : 2607.9602851062523
vod_40x5.txt : 2607.9602851062523
vod_40x6.txt : 2607.9602851062523
vod_40x7.txt : 2607.9602851062523
vod_40x8.txt : 2607.9602851062523
vod_50x2.txt : 2607.9602851062523
vod_50x3.txt : 2607.9602851062523
vod_50x4.txt : 2607.9602851062523
vod_50x5.txt : 2607.9602851062523
vod_50x6.txt : 2607.9602851062523
vod_50x7.txt : 2607.9602851062523
vod_50x8.txt : 2607.9602851062523
