vod_100x2.txt : 171.7255418475376
vod_100x3.txt : 186.2149440696751
vod_100x4.txt : 436.58495284095505
vod_100x5.txt : 461.9699995299816
vod_100x6.txt : 598.4968444936078
vod_100x7.txt : 736.2230484991661
vod_100x8.txt : 901.4975210114826
vod_200x2.txt : 267.26416054098644
vod_200x3.txt : 649.0105367742137
vod_200x4.txt : 868.2364363240738
vod_200x5.txt : 942.2030705025571
vod_200x6.txt : 1179.046369990775
vod_200x7.txt : 1631.2430218383365
vod_200x8.txt : 1555.791341597075
vod_300x2.txt : 351.62191249651437
vod_300x3.txt : 764.2651302633617
vod_300x4.txt : 1160.5044212569162
vod_300x5.txt : 1408.3803843890817
vod_300x6.txt : 2113.978188450887
vod_300x7.txt : 2270.702896470441
vod_300x8.txt : 2401.506945792018
vod_400x2.txt : 535.0629638047136
vod_400x3.txt : 1225.9294411292924
vod_400x4.txt : 1662.5667140947567
vod_400x5.txt : 2301.6070734315567
vod_400x6.txt : 2745.2106375298777
vod_400x7.txt : 2421.666105441647
vod_400x8.txt : 4020.1607530548613
vod_500x2.txt : 683.7722068146255
vod_500x3.txt : 1552.7832187833885
vod_500x4.txt : 2270.3525561620563
vod_500x5.txt : 2755.000747632076
vod_500x6.txt : 3001.28344687348
vod_500x7.txt : 3505.6040453259093
vod_500x8.txt : 3685.829591993479
