vod_100x100.txt : 10832.241637321307
vod_100x200.txt : 23835.745225794723
vod_100x300.txt : 34723.775219917676
vod_100x400.txt : 45273.817648072174
vod_100x500.txt : 60170.24403726787
vod_300x100.txt : 35526.83861449809
vod_300x200.txt : 66700.66342814882
vod_300x300.txt : 103861.15390417379
vod_300x400.txt : 136143.59356161108
vod_300x500.txt : 170191.7623314572
vod_500x100.txt : 56225.939859747654
vod_500x200.txt : 111071.86243899171
vod_500x300.txt : 164824.0775145199
vod_500x400.txt : 225525.9426943701
vod_500x500.txt : 289844.22575096803
vod_700x100.txt : 80542.59015164645
vod_700x200.txt : 160177.9313308692
vod_700x300.txt : 232224.98442644652
vod_700x400.txt : 321505.79340930434
vod_700x500.txt : 380649.6539235362
vod_900x100.txt : 102919.22231844766
vod_900x200.txt : 206673.61697286475
vod_900x300.txt : 299459.09208329715
vod_900x400.txt : 397867.503856375
vod_900x500.txt : 510641.50872431876
