vod_10x10.txt : 89.079919557169
vod_10x20.txt : 181.78855705270337
vod_10x30.txt : 343.6422396722253
vod_10x40.txt : 472.7972711096494
vod_10x50.txt : 497.0459589786785
vod_30x10.txt : 350.33815537465335
vod_30x20.txt : 602.9778755485506
vod_30x30.txt : 916.3681138390755
vod_30x40.txt : 1170.4061209707072
vod_30x50.txt : 1558.3566857332887
vod_50x10.txt : 543.2990061924597
vod_50x20.txt : 1015.4043464023018
vod_50x30.txt : 1817.3514422143778
vod_50x40.txt : 2253.369798173208
vod_50x50.txt : 3018.996539847093
vod_70x10.txt : 662.2700309671653
vod_70x20.txt : 1567.6053822466752
vod_70x30.txt : 2051.755390765838
vod_70x40.txt : 2963.9801769249766
vod_70x50.txt : 3420.884965660759
vod_90x10.txt : 861.6129028782547
vod_90x20.txt : 2168.8831598597058
vod_90x30.txt : 3144.74512034743
vod_90x40.txt : 4044.390166357743
vod_90x50.txt : 4373.644088792065
