vod_1000x100.txt : 114124.48712041682
vod_1000x200.txt : 226036.699356268
vod_1000x300.txt : 345256.45619585
vod_1000x400.txt : 470415.70316323376
vod_1000x500.txt : 572154.1999260394
vod_200x100.txt : 21503.662678260793
vod_200x200.txt : 44202.34044516755
vod_200x300.txt : 65878.35794445123
vod_200x400.txt : 89962.07889537171
vod_200x500.txt : 105612.66973310169
vod_400x100.txt : 48182.144979351884
vod_400x200.txt : 91270.8673338589
vod_400x300.txt : 138908.12129861748
vod_400x400.txt : 180390.04355471494
vod_400x500.txt : 229805.21240526368
vod_600x100.txt : 71755.05178975625
vod_600x200.txt : 131435.11236874992
vod_600x300.txt : 200338.7953993902
vod_600x400.txt : 273701.6917389353
vod_600x500.txt : 329324.46963432105
vod_800x100.txt : 89550.11311283775
vod_800x200.txt : 177705.37824076187
vod_800x300.txt : 265577.71094389557
vod_800x400.txt : 365755.7391053589
vod_800x500.txt : 440269.4037811041
