vod_10x2.txt : 18.283538996466014
vod_10x3.txt : 45.81860007229557
vod_10x4.txt : 40.24567720231832
vod_10x5.txt : 41.67743329032389
vod_10x6.txt : 56.30798181374769
vod_10x7.txt : 82.42266431079989
vod_10x8.txt : 77.96479304663049
vod_20x2.txt : 25.062382983506733
vod_20x3.txt : 60.172519922352215
vod_20x4.txt : 83.84342063677917
vod_20x5.txt : 95.6175883187885
vod_20x6.txt : 80.97455123431234
vod_20x7.txt : 140.96456985133986
vod_20x8.txt : 163.53531163271552
vod_30x2.txt : 27.133393719799187
vod_30x3.txt : 72.33680910885329
vod_30x4.txt : 106.92029516414819
vod_30x5.txt : 172.4947981542897
vod_30x6.txt : 262.3688940976804
vod_30x7.txt : 212.6508635864928
vod_30x8.txt : 249.23756623429392
vod_40x2.txt : 82.7152263650624
vod_40x3.txt : 110.0947377384644
vod_40x4.txt : 162.19793674729635
vod_40x5.txt : 242.470654223221
vod_40x6.txt : 200.30240803322144
vod_40x7.txt : 320.621493727857
vod_40x8.txt : 249.5363475282833
vod_50x2.txt : 86.33889605546807
vod_50x3.txt : 121.10234054094957
vod_50x4.txt : 198.71134299571065
vod_50x5.txt : 227.14004504174417
vod_50x6.txt : 291.49812768637895
vod_50x7.txt : 394.5651743653806
vod_50x8.txt : 400.74051971566206
