vod_100x10.txt : 1188.0105726861896
vod_100x20.txt : 2438.400343060919
vod_100x30.txt : 3338.954718982447
vod_100x40.txt : 4161.967075321718
vod_100x50.txt : 5706.1869651748575
vod_20x10.txt : 220.86351091270436
vod_20x20.txt : 415.0451528841119
vod_20x30.txt : 693.7944815528919
vod_20x40.txt : 964.4183900848504
vod_20x50.txt : 1155.6061723313067
vod_40x10.txt : 423.89753629302027
vod_40x20.txt : 1102.014951519767
vod_40x30.txt : 1513.321149912124
vod_40x40.txt : 1763.9040770608099
vod_40x50.txt : 1967.4570392736587
vod_60x10.txt : 759.719757200363
vod_60x20.txt : 1488.923240737796
vod_60x30.txt : 2057.300817197524
vod_60x40.txt : 2330.3621528553267
vod_60x50.txt : 3383.6028812486643
vod_80x10.txt : 1031.8955562243439
vod_80x20.txt : 1846.5793796539722
vod_80x30.txt : 2938.1111883045705
vod_80x40.txt : 3425.9329901992737
vod_80x50.txt : 4620.939623752882
